0.1807422 0.1118974 0.02457059 -0.01300941 -0.00922296 -0.01605092
0.1118974 0.1618929 -0.02236223 -0.04366184 0.002994266 -0.04017307
0.02457059 -0.02236223 0.05743912 0.01390979 0.02636909 0.01120697
-0.01300941 -0.04366184 0.01390979 0.189252 -0.002913204 0.1683897
-0.00922296 0.002994266 0.02636909 -0.002913204 0.03785275 -0.001912426
-0.01605092 -0.04017307 0.01120697 0.1683897 -0.001912426 0.1665064
